# Created by Octave 4.2.1, Wed Mar 15 13:51:00 2017 GMT <unknown@unknown>
# name: v
# type: matrix
# rows: 3
# columns: 1
 200000
 300000
 400000


