---- Plotting data examples

>> a=[0:0.01:0.98]
a =

 Columns 1 through 19:

   0.00000   0.01000   0.02000   0.03000   0.04000   0.05000   0.06000   0.07000   0.08000   0.09000   0.10000   0.11000   0.12000   0.13000   0.14000   0.15000   0.16000   0.17000   0.18000

 Columns 20 through 38:

   0.19000   0.20000   0.21000   0.22000   0.23000   0.24000   0.25000   0.26000   0.27000   0.28000   0.29000   0.30000   0.31000   0.32000   0.33000   0.34000   0.35000   0.36000   0.37000

 Columns 39 through 57:

   0.38000   0.39000   0.40000   0.41000   0.42000   0.43000   0.44000   0.45000   0.46000   0.47000   0.48000   0.49000   0.50000   0.51000   0.52000   0.53000   0.54000   0.55000   0.56000

 Columns 58 through 76:

   0.57000   0.58000   0.59000   0.60000   0.61000   0.62000   0.63000   0.64000   0.65000   0.66000   0.67000   0.68000   0.69000   0.70000   0.71000   0.72000   0.73000   0.74000   0.75000

 Columns 77 through 95:

   0.76000   0.77000   0.78000   0.79000   0.80000   0.81000   0.82000   0.83000   0.84000   0.85000   0.86000   0.87000   0.88000   0.89000   0.90000   0.91000   0.92000   0.93000   0.94000

 Columns 96 through 99:

   0.95000   0.96000   0.97000   0.98000

>> y1=sin(2*pi*4*a);
>> plot(a,y1)
>> y1
y1 =

 Columns 1 through 19:

   0.00000   0.24869   0.48175   0.68455   0.84433   0.95106   0.99803   0.98229   0.90483   0.77051   0.58779   0.36812   0.12533  -0.12533  -0.36812  -0.58779  -0.77051  -0.90483  -0.98229

 Columns 20 through 38:

  -0.99803  -0.95106  -0.84433  -0.68455  -0.48175  -0.24869  -0.00000   0.24869   0.48175   0.68455   0.84433   0.95106   0.99803   0.98229   0.90483   0.77051   0.58779   0.36812   0.12533

 Columns 39 through 57:

  -0.12533  -0.36812  -0.58779  -0.77051  -0.90483  -0.98229  -0.99803  -0.95106  -0.84433  -0.68455  -0.48175  -0.24869  -0.00000   0.24869   0.48175   0.68455   0.84433   0.95106   0.99803

 Columns 58 through 76:

   0.98229   0.90483   0.77051   0.58779   0.36812   0.12533  -0.12533  -0.36812  -0.58779  -0.77051  -0.90483  -0.98229  -0.99803  -0.95106  -0.84433  -0.68455  -0.48175  -0.24869  -0.00000

 Columns 77 through 95:

   0.24869   0.48175   0.68455   0.84433   0.95106   0.99803   0.98229   0.90483   0.77051   0.58779   0.36812   0.12533  -0.12533  -0.36812  -0.58779  -0.77051  -0.90483  -0.98229  -0.99803

 Columns 96 through 99:

  -0.95106  -0.84433  -0.68455  -0.48175

>> plot(a, y1)
>> y2=cos(2*pi*4*a);
>> plot(a,y2)
>> plot(a, y2)
>> plot(a, y2)
>> hold on
>> plot(a, y1, 'g')
>> xlabel('time')
>> ylabel('value')
>> legend('cos','sin')
>> title('my plot')
>> pwd
ans = C:\Users\cxm8426\Documents\CM\Personal\Machine_Learning\MachineLearning\Week2\Examples
>> print -dpng 'myplot.png';
>> close % to close the plot
>> figure(1); plot(a,y1);
>> figure(2);plot(a,y2);
>> subplot(1,2,1);   %Divides plot a 1 X 2 grid, access first element
>> plot(a,y1)
>> plot(a,y2,'r')
>> subplot(1,2,1);   %Divides plot a 1 X 2 grid, access first element
>> plot(a,y1)
>> subplot(1,2,2); plot(a,y2,'r')
>> axis([0.5 1 -1 1])
>> clf    %clears figure
>> A = magic(5)
A =

   17   24    1    8   15
   23    5    7   14   16
    4    6   13   20   22
   10   12   19   21    3
   11   18   25    2    9

>> imgsc(A)
error: 'imgsc' undefined near line 1 column 1
>> imagesc(A)
>> imagesc(A), colorbar, colormap gray;
>> A(4,5)
ans =  3
>> imagesc(magic(15)), colorbar, colormap gray
>>

